  4.8000000e+000  5.7000000e+000  3.4800000e+001  3.4500000e+001  6.0400000e+001  5.0000000e+000  1.3600000e+001  1.0500000e+001  2.4800000e+001  7.2800000e+001  4.3600000e+001  6.4500000e+001
  1.9000000e+001  1.0500000e+001  1.5900000e+001  2.7900000e+001  5.5800000e+001  3.9200000e+001  3.4000000e+000  1.2000000e+000  8.5000000e+001  1.1400000e+001  6.9500000e+001  1.4100000e+002
  2.2000000e+001  1.0600000e+001  2.3400000e+001  2.8900000e+001  2.3900000e+001  3.3000000e+001  1.4100000e+001  0.0000000e+000  2.5000000e+000  6.9000000e+000  6.5900000e+001  6.7300000e+001
  3.7600000e+001  3.8700000e+001  3.8000000e+001  4.3100000e+001  1.0000000e-001  1.0400000e+001  3.7300000e+001  3.0000000e+000  4.5400000e+001  3.6000000e+001  9.6000000e+001  8.2600000e+001
  6.0300000e+001  6.9900000e+001  4.2900000e+001  2.6200000e+001  9.7700000e+001  1.0500000e+001  2.6300000e+001  2.3500000e+001  7.6000000e+000  6.5600000e+001  3.5400000e+001  6.6400000e+001
  8.4000000e+000  1.3700000e+001  4.9200000e+001  1.9500000e+001  5.9800000e+001  4.7000000e+001  4.4200000e+001  2.6000000e+000  8.8700000e+001  2.9100000e+001  4.0100000e+001  5.4000000e+001
  8.1500000e+001  5.1800000e+001  5.7500000e+001  6.9100000e+001  3.3000000e+001  4.9900000e+001  2.6000000e+000  1.7000000e+000  0.0000000e+000  8.0000000e-001  2.8400000e+001  4.6300000e+001
  6.9900000e+001  1.2700000e+001  3.6700000e+001  1.9900000e+001  4.0800000e+001  4.6900000e+001  5.4000000e+000  4.0700000e+001  6.8000000e+000  6.5600000e+001  9.3800000e+001  8.6900000e+001
  2.3600000e+001  1.6600000e+001  4.1600000e+001  2.3000000e+001  8.2200000e+001  4.2100000e+001  7.3300000e+001  2.3200000e+001  6.3200000e+001  2.5800000e+001  1.1500000e+001  1.1500000e+001
  4.2200000e+001  7.1700000e+001  3.0500000e+001  2.4300000e+001  6.4100000e+001  1.6200000e+001  0.0000000e+000  7.5000000e+000  4.7900000e+001  5.1500000e+001  8.5300000e+001  6.7300000e+001
  9.9600000e+001  7.1200000e+001  9.1100000e+001  1.4900000e+001  2.0800000e+001  1.6000000e+001  5.3000000e+000  3.7000000e+000  2.0900000e+001  0.0000000e+000  1.2000000e+001  1.5390000e+002
  3.1000000e+001  4.3000000e+001  8.8500000e+001  3.4000000e+000  8.7200000e+001  6.3600000e+001  6.9700000e+001  1.5000000e+001  5.6000000e+000  2.6600000e+001  1.1400000e+001  3.7600000e+001
  5.0100000e+001  7.4700000e+001  7.1600000e+001  4.4300000e+001  9.4600000e+001  1.6300000e+001  3.8100000e+001  5.1600000e+001  1.1800000e+001  7.0000000e+000  6.4000000e+000  6.1900000e+001
  5.3000000e+001  5.6100000e+001  2.2900000e+001  7.4700000e+001  4.2300000e+001  5.2200000e+001  1.8000000e+001  6.4000000e+000  5.7200000e+001  8.4600000e+001  1.1700000e+001  2.0000000e-001
  4.7800000e+001  4.3800000e+001  6.0600000e+001  1.7900000e+001  6.4000000e+000  2.1000000e+001  4.5200000e+001  1.8500000e+001  1.3500000e+002  1.0180000e+002  3.9500000e+001  4.0100000e+001
  8.2000000e+001  6.0500000e+001  6.9800000e+001  5.3500000e+001  3.7700000e+001  2.9200000e+001  0.0000000e+000  1.6500000e+001  1.8600000e+001  2.0400000e+001  6.3000000e+001  8.1200000e+001
  2.6000000e+001  2.2800000e+001  3.2600000e+001  7.0000000e+000  3.9400000e+001  5.4200000e+001  3.0700000e+001  4.1700000e+001  1.7000000e+000  2.6800000e+001  3.2400000e+001  1.8300000e+001
  3.3000000e+000  4.0600000e+001  3.0900000e+001  4.5600000e+001  6.3200000e+001  2.1100000e+001  7.8500000e+001  9.7500000e+001  2.1000000e+000  4.4900000e+001  5.3600000e+001  7.1000000e+000
  2.0300000e+001  8.9000000e+000  1.8000000e+001  9.5000000e+000  3.2100000e+001  2.7900000e+001  1.8400000e+001  8.9000000e+000  2.5700000e+001  7.4000000e+000  4.5700000e+001  1.2900000e+001
  3.9700000e+001  4.2300000e+001  4.6800000e+001  8.6200000e+001  5.8600000e+001  2.4900000e+001  5.0000000e-001  2.4600000e+001  6.7300000e+001  8.0600000e+001  2.3400000e+001  5.2200000e+001
  3.6000000e+001  5.1100000e+001  1.3700000e+001  8.0200000e+001  4.2600000e+001  1.0000000e+000  3.9200000e+001  2.3500000e+001  1.2600000e+001  9.5100000e+001  1.1530000e+002  5.0100000e+001
  6.0500000e+001  1.2600000e+001  5.3600000e+001  4.3400000e+001  5.7900000e+001  1.5500000e+001  3.3700000e+001  8.7000000e+000  2.6900000e+001  1.5050000e+002  3.7500000e+001  5.0100000e+001
  3.1300000e+001  1.6400000e+001  4.1900000e+001  2.0900000e+001  1.5300000e+001  1.1900000e+001  3.1300000e+001  3.2800000e+001  2.0000000e-001  3.1600000e+001  8.4000000e+001  5.5900000e+001
  1.4200000e+001  6.2700000e+001  2.9500000e+001  1.0800000e+002  2.4000000e+001  2.6500000e+001  1.0500000e+001  2.7900000e+001  8.7000000e+000  5.8500000e+001  1.1590000e+002  2.7400000e+001
  8.0000000e+000  1.3000000e+001  2.5700000e+001  5.1000000e+000  5.0600000e+001  7.7600000e+001  3.2800000e+001  1.7700000e+001  8.9000000e+000  1.8400000e+001  6.0400000e+001  1.4160000e+002
  3.6000000e+001  4.1500000e+001  5.1200000e+001  7.5800000e+001  1.1300000e+001  1.0100000e+001  2.9000000e+000  1.4300000e+001  4.2000000e+000  1.0000000e-001  3.7400000e+001  5.1500000e+001
  1.3000000e+001  5.7000000e+000  6.1900000e+001  5.2000000e+000  7.9000000e+000  6.0000000e+000  0.0000000e+000  4.2000000e+000  8.6000000e+000  1.3000000e+001  1.7910000e+002  2.3300000e+001
  4.7800000e+001  1.6720000e+002  2.1100000e+001  8.0000000e+000  6.6700000e+001  6.7900000e+001  2.5000000e+000  2.8000000e+001  3.4300000e+001  1.7600000e+001  5.2600000e+001  1.0200000e+001
  3.7900000e+001  5.3200000e+001  9.5100000e+001  6.8300000e+001  3.0700000e+001  4.4700000e+001  1.2400000e+001  3.5400000e+001  1.8200000e+001  8.0100000e+001  1.2930000e+002  3.5200000e+001
  2.2100000e+001  3.3700000e+001  8.8700000e+001  1.2200000e+001  3.8000000e+001  1.1500000e+001  3.3100000e+001  1.7000000e+001  3.3000000e+000  1.2800000e+001  9.5700000e+001  5.1900000e+001
  2.0000000e+000  3.0000000e-001  3.2200000e+001  2.0300000e+001  2.7000000e+001  8.5600000e+001  4.3400000e+001  0.0000000e+000  4.2200000e+001  1.5800000e+001  3.2700000e+001  5.0800000e+001
  0.0000000e+000  1.8000000e+000  4.7000000e+000  2.4400000e+001  6.3700000e+001  8.7000000e+000  1.9200000e+001  2.8000000e+001  9.5000000e+000  4.2600000e+001  3.5600000e+001  9.1000000e+001
  8.0000000e+000  3.5000000e+001  4.1400000e+001  5.8900000e+001  5.6500000e+001  1.6200000e+001  2.3900000e+001  4.8200000e+001  4.4800000e+001  2.7600000e+001  3.0800000e+001  2.6000000e+000
  3.5000000e+000  7.0000000e+000  1.8700000e+001  7.2300000e+001  4.8100000e+001  5.7300000e+001  4.3600000e+001  2.0000000e+001  6.0000000e-001  5.5800000e+001  3.4500000e+001  4.3100000e+001
  2.5400000e+001  1.3400000e+001  3.4900000e+001  1.2800000e+001  5.0700000e+001  3.4600000e+001  2.3000000e+000  1.8000000e+000  5.9000000e+000  8.6000000e+000  7.1300000e+001  2.2700000e+001
  6.8100000e+001  5.6200000e+001  9.9000000e+000  7.0100000e+001  5.6500000e+001  0.0000000e+000  3.6000000e+001  1.1600000e+001  0.0000000e+000  8.6200000e+001  5.2900000e+001  5.0700000e+001
  4.6600000e+001  1.1700000e+001  3.2900000e+001  6.2000000e+000  4.7900000e+001  1.6600000e+001  2.5200000e+001  4.3000000e+001  2.9900000e+001  6.6000000e+000  3.6700000e+001  1.3400000e+002
  7.9300000e+001  6.9000000e+001  3.5200000e+001  3.5500000e+001  3.3600000e+001  2.1700000e+001  9.0000000e-001  1.4000000e+001  8.2700000e+001  3.1700000e+001  3.0500000e+001  4.8900000e+001
  4.2500000e+001  4.5600000e+001  1.8300000e+001  3.0500000e+001  3.3000000e+000  1.4500000e+001  1.5900000e+001  2.2500000e+001  1.0700000e+001  7.3300000e+001  1.9200000e+001  4.8100000e+001
